77.31,77819.00,2171.61,0.57,-1.48,0.04,314.30,34.17,119.26,-7.18,2.90,-6.86,-0.14,-0.70,-0.63
77.29,77824.00,2171.09,0.60,-1.55,0.07,315.98,35.99,126.93,-7.10,2.71,-6.98,1.12,-1.61,3.22
77.30,77828.00,2170.68,0.63,-1.63,0.09,317.33,37.80,133.95,-7.61,2.98,-6.90,0.07,-2.38,2.03
77.30,77820.00,2171.51,0.66,-1.71,0.09,318.46,39.65,140.70,-7.45,2.90,-6.79,1.12,-0.84,0.63
77.27,77808.00,2172.74,0.68,-1.78,0.12,319.45,41.10,146.86,-7.30,2.82,-6.86,-2.03,-3.85,2.66
77.29,77810.00,2172.54,0.71,-1.85,0.14,320.30,42.52,152.73,-7.49,2.90,-6.83,-0.63,-4.06,2.24
77.30,77813.00,2172.23,0.74,-1.93,0.15,321.00,43.85,158.18,-7.30,2.75,-6.90,-1.96,-3.29,0.84
77.30,77815.00,2172.02,0.77,-2.00,0.16,321.62,45.04,163.28,-7.14,2.79,-6.86,-0.84,-3.29,0.84
77.30,77808.00,2172.74,0.80,-2.07,0.17,322.11,46.28,168.08,-7.34,2.71,-6.90,0.07,-2.17,1.40
77.27,77810.00,2172.54,0.82,-2.14,0.17,322.54,47.64,172.41,-7.30,2.71,-6.86,0.07,0.77,-0.21
77.29,77804.00,2173.16,0.85,-2.22,0.18,322.89,48.86,176.39,-7.26,2.90,-6.90,2.10,1.12,0.70
77.31,77807.00,2172.84,0.88,-2.29,0.19,323.21,49.92,179.99,-7.26,2.71,-6.86,1.75,0.35,0.77
77.30,77814.00,2172.12,0.91,-2.36,0.19,323.48,50.90,183.10,-7.22,2.79,-6.90,1.12,0.98,-0.07
77.31,77811.00,2172.43,0.94,-2.44,0.20,323.74,51.52,185.68,-7.49,2.94,-6.47,1.19,-4.06,1.61
77.30,77813.00,2172.23,0.96,-2.51,0.20,323.92,52.34,187.97,-7.61,2.71,-6.79,0.21,-0.35,0.07
77.30,77812.00,2172.33,0.99,-2.59,0.21,324.06,52.98,189.78,-7.34,2.90,-6.86,-0.42,-0.14,0.56
77.31,77819.00,2171.61,1.02,-2.66,0.23,324.20,53.40,191.26,-7.53,2.94,-6.79,-0.14,-2.52,2.24
77.30,77813.00,2172.23,1.05,-2.74,0.22,324.34,54.00,192.51,-7.57,2.98,-6.67,1.54,0.42,-1.33
77.30,77813.00,2172.23,1.08,-2.81,0.23,324.47,54.33,193.44,-7.69,2.90,-6.75,1.40,-1.96,1.19
77.29,77824.00,2171.09,1.11,-2.89,0.22,324.57,54.08,193.32,-7.61,3.26,-6.51,-5.95,-8.26,-0.91
77.30,77814.00,2172.12,1.14,-2.96,0.27,324.66,53.01,193.31,-6.83,3.02,-7.02,-3.43,-15.33,4.48
77.29,77805.00,2173.05,1.17,-3.02,0.31,324.68,51.36,192.46,-6.43,2.20,-7.34,-14.07,-21.14,4.69
77.30,77808.00,2172.74,1.19,-3.08,0.37,324.72,49.94,192.01,-6.16,2.79,-7.14,-5.11,-17.64,6.16
77.30,77814.00,2172.12,1.21,-3.15,0.43,324.69,48.85,191.62,-6.16,2.16,-7.37,-3.99,-13.30,5.32
77.31,77814.00,2172.12,1.24,-3.21,0.45,324.69,47.85,190.76,-6.20,2.28,-7.10,-7.28,-12.25,2.45
77.30,77819.00,2171.61,1.26,-3.27,0.48,324.74,47.11,190.27,-6.32,2.51,-7.10,-0.42,-8.89,3.29
77.30,77814.00,2172.12,1.29,-3.34,0.52,324.77,46.44,189.31,-6.43,2.28,-7.14,-4.62,-8.05,3.08
77.30,77822.00,2171.30,1.31,-3.40,0.53,324.82,45.90,188.36,-6.39,2.51,-7.06,-2.66,-6.09,1.96
77.30,77808.00,2172.74,1.33,-3.46,0.57,324.82,45.39,187.41,-6.51,2.43,-7.06,-1.12,-5.60,3.08
77.30,77816.00,2171.92,1.36,-3.53,0.58,324.84,45.04,186.33,-6.63,2.51,-7.10,-1.40,-3.57,1.61
77.31,77811.00,2172.43,1.39,-3.60,0.60,324.82,44.63,185.20,-6.47,2.59,-7.18,-0.63,-4.06,1.82
77.27,77807.00,2172.84,1.41,-3.66,0.63,324.83,44.10,183.88,-6.71,2.51,-6.98,-1.75,-4.97,2.80
77.27,77813.00,2172.23,1.44,-3.73,0.63,324.89,43.90,182.56,-6.75,2.55,-7.06,-0.70,-1.05,-0.14
77.29,77803.00,2173.26,1.46,-3.80,0.65,324.92,43.47,181.29,-6.71,2.63,-7.02,0.49,-3.71,2.24
77.30,77814.00,2172.12,1.49,-3.87,0.65,324.93,43.12,179.86,-6.86,2.51,-6.98,-0.42,-2.03,0.42
77.29,77812.00,2172.33,1.51,-3.93,0.66,324.93,42.96,178.51,-6.83,2.55,-7.02,0.98,0.00,0.42
77.30,77814.00,2172.12,1.54,-4.00,0.66,324.93,42.78,177.28,-6.86,2.63,-6.98,1.75,0.00,0.63
77.27,77817.00,2171.81,1.57,-4.07,0.66,324.89,42.56,175.96,-6.98,2.63,-6.98,0.70,0.14,0.14
77.29,77825.00,2170.99,1.59,-4.14,0.67,324.85,42.44,174.88,-6.98,2.71,-6.98,2.17,1.54,0.28
77.30,77819.00,2171.61,1.62,-4.21,0.66,324.87,42.03,173.87,-7.02,2.59,-6.83,1.96,0.28,-0.56
77.27,77815.00,2172.02,1.65,-4.28,0.67,324.86,41.67,173.21,-7.10,2.75,-6.98,1.33,1.26,0.77
77.29,77820.00,2171.51,1.67,-4.35,0.68,324.78,40.98,173.61,-7.10,2.79,-6.90,2.73,0.91,0.56
77.30,77817.00,2171.81,1.70,-4.43,0.67,324.77,39.33,175.94,-7.14,2.71,-6.90,0.98,0.42,-0.49
77.30,77817.00,2171.81,2.25,-5.85,0.75,324.56,44.17,156.75,-7.30,2.79,-6.98,2.38,2.03,-0.14
77.26,77815.00,2172.02,2.28,-5.92,0.79,324.55,44.21,157.44,-7.65,2.90,-6.94,5.25,3.92,3.92
77.26,77820.00,2171.51,2.31,-6.00,0.77,324.64,44.22,157.74,-7.65,2.82,-6.79,0.70,3.50,-2.24
77.26,77813.00,2172.23,2.34,-6.07,0.78,324.70,44.05,158.19,-7.45,3.06,-6.83,1.68,0.49,1.33
77.25,77818.00,2171.71,2.36,-6.15,0.79,324.65,43.84,158.59,-7.49,2.90,-6.79,1.89,0.42,0.98
77.27,77820.00,2171.51,2.39,-6.22,0.80,324.65,43.40,158.79,-7.53,2.90,-6.83,-0.35,-2.10,1.05
77.25,77816.00,2171.92,2.42,-6.30,0.82,324.68,42.86,158.96,-7.41,2.90,-6.83,-0.56,-3.36,2.10
77.27,77819.00,2171.61,2.45,-6.38,0.87,324.65,42.45,159.85,-7.81,3.06,-6.79,4.83,0.70,4.27
77.26,77818.00,2171.71,2.48,-6.46,0.84,324.69,41.82,160.39,-8.00,3.10,-6.63,-1.05,0.98,-2.17
77.26,77820.00,2171.51,2.52,-6.54,0.85,324.67,40.97,161.82,-8.51,3.37,-6.43,2.24,2.73,0.77
77.25,77826.00,2170.89,2.55,-6.63,0.83,324.64,40.45,162.95,-8.39,3.26,-6.47,2.59,2.87,-1.75
77.25,77820.00,2171.51,2.58,-6.71,0.85,324.60,40.64,162.85,-7.96,3.18,-6.63,-1.19,-2.38,1.89
77.29,77814.00,2172.12,2.62,-6.79,0.88,324.60,41.69,161.95,-8.12,3.37,-6.55,-0.35,-4.69,2.24
77.27,77816.00,2171.92,2.65,-6.86,0.89,324.60,44.71,157.89,-7.81,3.02,-6.75,-1.68,-5.25,1.40
77.22,77812.00,2172.33,2.68,-6.94,0.90,324.59,48.46,153.02,-7.53,2.98,-6.79,-0.63,-5.18,1.05
77.21,77812.00,2172.33,2.71,-7.02,0.93,324.59,50.97,149.65,-7.73,2.90,-6.71,-1.05,-4.06,3.01
77.25,77813.00,2172.23,2.73,-7.09,0.94,324.59,51.60,148.98,-7.53,2.90,-6.83,-1.89,-3.99,0.77
77.25,77809.00,2172.64,2.76,-7.17,0.96,324.60,50.52,150.64,-7.34,2.90,-6.90,0.21,-3.99,2.45
77.25,77809.00,2172.64,2.79,-7.24,0.98,324.59,48.31,153.19,-7.26,2.98,-6.86,-1.54,-4.97,2.17
77.25,77806.00,2172.95,2.82,-7.31,0.99,324.63,45.76,156.15,-7.41,2.94,-6.86,-1.33,-3.36,0.91
77.25,77817.00,2171.81,2.85,-7.38,1.03,324.59,42.76,159.16,-7.22,2.98,-7.02,-1.61,-6.86,3.85
77.25,77817.00,2171.81,2.88,-7.45,1.09,324.55,38.87,161.85,-6.83,2.71,-6.83,-3.78,-14.70,6.30
77.25,77820.00,2171.51,2.91,-7.52,1.12,324.55,34.56,164.25,-7.14,2.75,-6.83,-7.70,-13.79,2.45
77.22,77817.00,2171.81,2.93,-7.59,1.17,324.56,31.64,166.16,-6.47,2.63,-7.22,-4.97,-14.28,5.25
77.27,77820.00,2171.51,2.96,-7.66,1.20,324.55,29.73,166.40,-6.79,2.31,-7.26,-5.74,-10.29,2.52
77.26,77825.00,2170.99,2.99,-7.73,1.21,324.55,32.84,166.96,-6.90,2.86,-6.71,-5.11,-5.88,1.54
77.25,77824.00,2171.09,3.01,-7.79,1.23,324.58,43.73,161.12,-6.83,2.75,-7.06,0.42,-6.65,1.75
77.26,77818.00,2171.71,3.04,-7.86,1.25,324.55,52.00,153.34,-6.51,2.55,-7.45,-6.37,-7.28,1.82
77.25,77813.00,2172.23,3.07,-7.93,1.26,324.63,50.86,151.91,-6.67,2.75,-6.75,-5.46,-8.54,1.12
77.25,77817.00,2171.81,3.09,-7.99,1.29,324.65,44.73,154.93,-6.75,2.67,-6.94,1.89,-5.81,2.73
77.25,77817.00,2171.81,3.12,-8.06,1.27,324.65,35.72,160.08,-6.67,2.35,-7.26,-2.03,-2.24,-1.19
77.20,77815.00,2172.02,3.14,-8.13,1.28,324.66,25.01,172.68,-6.63,2.63,-7.06,-1.26,-4.06,0.56
77.25,77822.00,2171.30,3.17,-8.20,1.28,324.69,36.96,168.39,-7.06,2.55,-7.06,0.07,0.35,0.35
77.22,77827.00,2170.78,3.19,-8.27,1.27,324.72,68.24,138.48,-7.06,2.51,-6.90,-3.78,-2.31,-0.98
77.26,77823.00,2171.20,3.22,-8.34,1.30,324.73,240.06,84.29,-7.06,2.82,-6.98,1.33,-1.68,2.52
77.26,77819.00,2171.61,3.25,-8.41,1.29,324.78,42.74,165.89,-7.22,2.55,-7.02,1.68,0.63,-0.91
77.25,77822.00,2171.30,3.27,-8.48,1.32,324.81,43.63,156.64,-6.98,2.55,-7.06,-1.47,-2.24,2.59
77.26,77818.00,2171.71,3.30,-8.55,1.35,324.77,42.98,162.41,-7.06,2.71,-6.86,-0.77,-3.64,3.43
77.22,77817.00,2171.81,3.33,-8.62,1.35,324.79,45.07,153.30,-7.14,2.71,-6.83,1.05,1.54,0.35
77.25,77819.00,2171.61,3.35,-8.69,1.36,324.81,41.34,165.69,-6.98,2.82,-7.10,-1.26,-1.19,0.84
77.26,77825.00,2170.99,3.38,-8.76,1.37,324.82,44.69,145.40,-7.10,2.86,-6.98,-2.24,-1.75,0.98
77.25,77817.00,2171.81,3.41,-8.84,1.36,324.83,42.50,183.05,-7.30,2.59,-6.94,-1.75,0.77,-1.05
77.25,77816.00,2171.92,3.44,-8.91,1.39,324.83,46.65,104.40,-7.14,2.98,-6.90,-0.07,-1.89,3.36
77.25,77818.00,2171.71,3.47,-8.98,1.39,324.79,39.17,295.62,-7.34,2.90,-6.94,2.31,-0.35,-0.70
77.21,77819.00,2171.61,3.50,-9.05,1.45,324.76,52.74,-293.39,-7.14,2.75,-6.86,5.67,-5.81,6.51
77.22,77815.00,2172.02,3.52,-9.12,1.49,324.76,28.22,2109.54,-7.18,2.71,-6.90,0.84,-4.13,3.57
77.22,77819.00,2171.61,3.55,-9.19,1.61,324.74,73.95,-13186.59,-6.59,2.90,-6.28,4.20,-17.85,12.11
77.22,77823.00,2171.20,3.57,-9.26,1.62,324.70,-16.06,437238.18,-7.30,2.35,-6.90,-1.33,-4.34,1.47
77.25,77824.00,2171.09,3.60,-9.33,1.71,324.69,171.22,1692894.00,-6.83,3.02,-6.98,-2.80,-13.02,8.96
77.21,77811.00,2172.43,3.63,-9.40,1.80,324.59,-241.88,8358272.00,-7.41,2.75,-6.71,-4.97,-12.46,8.54
77.26,77813.00,2172.23,3.67,-9.48,1.83,324.53,713.28,57380672.00,-7.10,3.33,-6.86,-0.49,-6.30,3.15
77.20,77821.00,2171.40,3.69,-9.55,1.88,324.50,-1593.19,1174332928.00,-7.06,2.63,-6.98,-1.33,-6.37,4.62
77.22,77814.00,2172.12,3.72,-9.62,1.89,324.48,4223.75,-3377422336.00,-7.37,3.06,-6.90,-3.64,-10.92,1.82
77.20,77810.00,2172.54,3.75,-9.70,1.93,324.45,-11110.50,ovf,-7.49,2.82,-6.75,0.70,-6.79,3.36
77.22,77818.00,2171.71,3.78,-9.77,1.95,324.45,31130.00,ovf,-7.45,2.43,-7.22,-11.13,-16.66,2.52
77.20,77812.00,2172.33,3.81,-9.85,1.99,324.38,-90194.00,ovf,-7.69,3.06,-6.79,-10.08,-13.37,3.29
77.20,77821.00,2171.40,3.84,-9.92,2.12,324.32,272872.00,ovf,-7.22,3.61,-5.92,-9.03,-15.05,13.44
77.20,77816.00,2171.92,3.88,-10.00,2.19,324.24,-858496.00,ovf,-7.73,3.80,-6.08,-2.10,-9.03,7.35
77.25,77816.00,2171.92,3.91,-10.08,2.22,324.16,2810240.00,ovf,-7.96,2.86,-6.08,-3.22,5.25,2.87
77.21,77809.00,2172.64,3.94,-10.14,2.30,324.04,-9563648.00,ovf,-6.90,3.57,-6.08,-1.89,-5.32,7.70
77.21,77812.00,2172.33,3.98,-10.22,2.30,323.93,33825792.00,ovf,-7.61,3.37,-6.04,4.62,1.61,0.21
77.21,77819.00,2171.61,4.01,-10.29,2.32,323.83,-124297216.00,ovf,-7.06,3.26,-6.47,-3.15,-0.07,1.96
77.20,77809.00,2172.64,4.05,-10.36,2.39,323.72,474480640.00,ovf,-7.22,3.77,-6.04,-3.50,-1.40,7.14
77.22,77799.00,2173.67,4.09,-10.44,2.37,323.62,-1881276416.00,ovf,-7.37,3.69,-6.08,3.71,2.31,-2.38
77.21,77807.00,2172.84,4.12,-10.51,2.39,323.51,ovf,ovf,-7.41,3.65,-6.12,-0.98,-2.66,1.89
77.20,77814.00,2172.12,4.16,-10.59,2.38,323.44,ovf,ovf,-7.65,3.61,-6.00,-0.91,-1.75,-1.05
77.21,77806.00,2172.95,4.20,-10.66,2.35,323.40,ovf,ovf,-7.53,3.77,-6.20,0.70,3.57,-2.66
77.21,77815.00,2172.02,4.23,-10.73,2.34,323.36,ovf,ovf,-6.86,3.53,-6.16,-1.54,-4.27,-1.05
77.20,77806.00,2172.95,4.26,-10.80,2.30,323.35,ovf,ovf,-7.30,3.06,-6.47,-3.78,6.02,-3.64
77.21,77815.00,2172.02,4.29,-10.88,2.24,323.32,ovf,ovf,-7.45,3.14,-6.20,3.01,6.02,-6.02
77.19,77803.00,2173.26,4.33,-10.95,2.24,323.33,ovf,ovf,-7.45,3.65,-6.00,-1.47,0.07,-0.84
77.19,77818.00,2171.71,4.37,-11.02,2.25,323.29,ovf,ovf,-7.02,3.73,-6.35,5.18,-0.35,1.19
77.21,77814.00,2172.12,4.40,-11.10,2.24,323.32,ovf,ovf,-7.57,3.14,-6.47,-2.17,-1.47,-0.84
77.19,77806.00,2172.95,4.43,-11.17,2.23,323.31,ovf,ovf,-6.86,3.45,-6.35,-1.68,0.77,-0.49
77.21,77819.00,2171.61,4.46,-11.24,2.25,323.34,ovf,ovf,-7.41,3.22,-6.16,3.57,-3.92,1.33
77.20,77810.00,2172.54,4.49,-11.31,2.21,323.34,ovf,ovf,-7.22,3.06,-6.32,1.05,0.14,-3.36
77.20,77811.00,2172.43,4.53,-11.39,2.20,323.33,ovf,ovf,-7.41,3.45,-6.39,3.01,0.77,-1.89
77.19,77814.00,2172.12,4.56,-11.46,2.19,323.36,ovf,ovf,-7.22,3.49,-6.35,1.26,2.87,-0.84
77.20,77812.00,2172.33,4.60,-11.54,2.18,323.37,ovf,ovf,-7.77,3.26,-6.20,2.03,2.03,-0.56
77.20,77807.00,2172.84,4.63,-11.61,2.16,323.41,ovf,ovf,-7.49,3.41,-6.04,1.61,0.49,-1.96
77.22,77812.00,2172.33,4.66,-11.69,2.16,323.45,ovf,ovf,-7.61,3.33,-6.16,2.31,0.84,0.28
77.25,77809.00,2172.64,4.70,-11.76,2.11,323.53,ovf,ovf,-6.71,3.14,-6.67,19.67,18.13,-5.18
77.20,77811.00,2172.43,4.74,-11.84,2.00,323.56,ovf,ovf,-8.28,3.96,-6.39,25.83,42.42,-10.78
77.20,77811.00,2172.43,4.76,-11.90,1.90,323.66,ovf,ovf,-6.35,2.59,-7.02,-5.88,3.64,-10.78
77.19,77813.00,2172.23,4.79,-11.97,1.93,323.65,ovf,ovf,-6.63,2.63,-7.06,10.71,9.03,3.64
77.20,77818.00,2171.71,4.81,-12.04,2.02,323.66,ovf,ovf,-7.34,2.71,-7.02,2.24,0.98,8.75
77.19,77816.00,2171.92,4.91,-12.11,1.71,323.65,ovf,ovf,-6.94,9.45,-3.45,-114.17,-84.00,-30.73
77.20,77813.00,2172.23,4.93,-12.15,1.35,323.66,ovf,ovf,-4.00,1.80,-7.37,-49.63,11.62,-36.47
77.21,77814.00,2172.12,4.96,-12.22,1.16,323.72,ovf,ovf,-6.51,3.49,-6.43,-15.26,32.48,-19.32
77.20,77815.00,2172.02,5.00,-12.29,1.06,323.71,ovf,ovf,-6.98,3.73,-6.86,-3.50,22.26,-9.94
77.21,77806.00,2172.95,5.02,-12.36,0.91,323.71,ovf,ovf,-7.30,2.39,-6.63,-9.80,23.03,-14.21
77.20,77813.00,2172.23,5.05,-12.43,0.62,323.67,ovf,ovf,-7.34,2.94,-6.35,-24.50,34.44,-29.19
77.22,77820.00,2171.51,5.09,-12.50,0.46,323.69,nan,ovf,-6.90,4.20,-6.24,-9.59,21.77,-15.89
77.20,77821.00,2171.40,5.13,-12.58,0.39,323.68,nan,ovf,-7.57,3.26,-6.51,-1.82,14.21,-6.93
77.20,77823.00,2171.20,5.16,-12.65,0.32,323.72,nan,ovf,-7.02,3.10,-6.59,-5.74,16.87,-7.91
77.22,77821.00,2171.40,5.19,-12.72,0.12,323.99,nan,ovf,-7.34,3.18,-6.35,16.66,64.12,-19.18
77.22,77825.00,2170.99,5.22,-12.79,-0.04,324.23,nan,nan,-7.02,2.63,-7.14,5.04,31.92,-16.17
77.20,77819.00,2171.61,5.24,-12.85,-0.04,324.47,nan,nan,-6.24,2.63,-7.41,-2.66,-6.23,-0.07
77.25,77825.00,2170.99,5.27,-12.91,0.14,324.61,nan,nan,-5.22,2.82,-8.24,-5.46,-30.59,17.57
77.21,77812.00,2172.33,5.30,-12.97,0.15,324.79,nan,nan,-6.16,3.30,-7.26,-14.56,-62.58,1.33
77.22,77815.00,2172.02,5.34,-13.05,0.22,325.10,nan,nan,-8.16,3.22,-6.00,3.36,-43.54,7.28
77.25,77814.00,2172.12,5.37,-13.13,0.43,325.36,nan,nan,-8.24,2.94,-6.35,21.00,84.42,20.93
77.21,77812.00,2172.33,5.40,-13.19,0.13,325.31,nan,nan,-6.20,3.06,-7.88,6.79,65.31,-30.31
77.22,77817.00,2171.81,5.43,-13.23,0.37,325.34,nan,nan,-3.88,2.90,-8.39,-2.80,-66.36,24.43
77.22,77814.00,2172.12,5.46,-13.30,1.20,325.30,nan,nan,-6.39,3.22,-7.49,-7.35,-121.94,82.88
77.22,77818.00,2171.71,5.48,-13.40,1.19,324.64,nan,nan,-10.75,2.67,-4.94,-8.05,-16.31,-0.98
77.21,77810.00,2172.54,5.54,-13.47,0.55,323.91,nan,nan,-6.83,5.53,-6.00,15.47,99.89,-64.40
77.22,77816.00,2171.92,5.57,-13.53,0.10,323.57,nan,nan,-5.61,2.82,-8.08,15.19,83.37,-44.73
77.21,77818.00,2171.71,5.60,-13.58,0.19,323.43,nan,nan,-4.82,2.79,-8.24,-8.68,-35.00,8.89
77.21,77811.00,2172.43,5.63,-13.65,0.64,323.17,nan,nan,-6.98,3.18,-6.75,-3.22,-71.12,44.66
77.26,77812.00,2172.33,5.67,-13.73,0.42,322.84,nan,nan,-8.08,4.35,-6.20,5.32,67.69,-21.28
77.25,77809.00,2172.64,5.69,-13.77,-0.02,322.86,nan,nan,-4.51,2.28,-7.85,1.61,83.37,-44.03
77.20,77808.00,2172.74,5.72,-13.80,0.29,323.14,nan,nan,-2.63,2.59,-8.90,-1.12,-72.31,31.15
77.25,77818.00,2171.71,5.74,-13.87,0.41,323.21,nan,nan,-7.57,2.28,-6.24,-32.06,-77.42,11.62
77.25,77813.00,2172.23,5.76,-13.95,0.33,323.21,nan,nan,-7.96,2.24,-6.20,36.26,44.59,-7.70
77.22,77807.00,2172.84,5.80,-14.04,0.34,323.21,nan,nan,-8.79,3.53,-5.92,9.45,3.36,0.42
77.22,77827.00,2170.78,5.83,-14.12,0.32,323.29,nan,nan,-7.88,3.41,-6.39,-6.02,-3.99,-1.54
77.25,77816.00,2171.92,5.87,-14.19,0.34,323.31,nan,nan,-7.14,3.96,-6.55,-4.97,-8.54,1.61
77.25,77816.00,2171.92,5.91,-14.26,0.40,323.34,nan,nan,-6.79,3.77,-6.71,-0.35,-11.20,6.51
77.25,77816.00,2171.92,5.94,-14.33,0.43,323.34,nan,nan,-6.75,3.30,-6.71,-2.73,-6.93,3.08
77.22,77817.00,2171.81,5.98,-14.40,0.45,323.33,nan,nan,-6.75,3.41,-6.59,-0.21,-2.66,1.54
77.25,77819.00,2171.61,6.01,-14.46,0.47,323.34,nan,nan,-6.63,3.49,-6.71,3.29,0.21,1.89
77.22,77816.00,2171.92,6.05,-14.52,0.50,323.33,nan,nan,-6.28,3.61,-6.67,5.74,-2.03,3.15
77.25,77807.00,2172.84,6.08,-14.59,0.51,323.32,nan,nan,-6.71,3.22,-6.79,4.13,2.73,0.56
77.25,77816.00,2171.92,6.12,-14.66,0.54,323.32,nan,nan,-6.75,3.57,-6.67,3.92,1.54,2.94
77.25,77812.00,2172.33,6.15,-14.73,0.58,323.38,nan,nan,-6.79,3.53,-7.02,5.18,-2.45,4.62
77.27,77811.00,2172.43,6.19,-14.80,0.65,323.37,nan,nan,-6.90,3.45,-6.71,10.29,-2.10,6.58
77.22,77819.00,2171.61,6.22,-14.87,0.68,323.35,nan,nan,-7.26,3.65,-6.55,13.79,2.10,3.43
77.22,77813.00,2172.23,6.26,-14.94,0.75,323.29,nan,nan,-7.10,3.96,-6.28,10.78,-2.10,7.14
77.25,77814.00,2172.12,6.30,-15.01,0.84,323.24,nan,nan,-7.45,3.53,-6.43,14.77,-2.03,9.10
77.25,77813.00,2172.23,6.33,-15.09,0.87,323.18,nan,nan,-7.57,3.41,-6.71,10.78,3.50,2.52
77.22,77816.00,2171.92,6.37,-15.16,0.92,323.12,nan,nan,-7.41,3.69,-6.47,7.77,-4.55,4.83
77.25,77814.00,2172.12,6.41,-15.24,1.00,323.04,nan,nan,-7.18,3.80,-6.35,12.32,-7.00,8.40
77.25,77827.00,2170.78,6.44,-15.31,1.08,323.04,nan,nan,-7.26,3.33,-6.47,12.32,-7.28,7.56
77.25,77810.00,2172.54,6.48,-15.38,1.16,322.97,nan,nan,-7.34,3.61,-6.43,11.27,-7.77,8.47
77.22,77817.00,2171.81,6.51,-15.45,1.25,322.94,nan,nan,-7.26,3.45,-6.43,14.84,-8.61,9.03
77.25,77816.00,2171.92,6.54,-15.52,1.35,322.90,nan,nan,-7.06,2.98,-6.47,15.33,-7.77,9.59
77.25,77822.00,2171.30,6.57,-15.59,1.38,322.90,nan,nan,-6.86,3.26,-6.16,11.83,-7.77,3.64
77.22,77807.00,2172.84,6.61,-15.67,1.37,322.90,nan,nan,-7.65,3.49,-6.71,13.16,0.21,-1.96
77.25,77801.00,2173.47,6.63,-15.74,1.37,322.95,nan,nan,-7.10,2.63,-6.59,-2.59,-1.68,0.56
77.25,77804.00,2173.16,6.67,-15.81,1.35,322.98,nan,nan,-7.41,3.18,-6.39,2.87,3.01,-1.82
77.27,77816.00,2171.92,6.70,-15.89,1.47,323.04,nan,nan,-7.02,3.49,-6.71,17.71,-2.87,11.27
77.26,77806.00,2172.95,6.73,-15.96,1.57,323.07,nan,nan,-7.10,2.82,-6.32,15.05,-5.04,10.08
77.27,77817.00,2171.81,6.76,-16.03,1.60,323.11,nan,nan,-7.45,2.90,-6.28,9.52,-0.07,3.64
77.22,77819.00,2171.61,6.79,-16.11,1.57,323.15,nan,nan,-7.53,3.53,-6.39,7.07,9.73,-3.22
77.27,77822.00,2171.30,6.82,-16.18,1.61,323.17,nan,nan,-7.49,2.79,-6.71,4.27,2.38,4.34
77.21,77815.00,2172.02,6.86,-16.25,1.58,323.16,nan,nan,-7.37,3.37,-7.02,-4.83,3.15,-3.08
77.25,77819.00,2171.61,6.89,-16.32,1.66,323.17,nan,nan,-6.83,3.30,-6.90,11.13,-1.89,7.84
77.22,77812.00,2172.33,6.91,-16.39,1.68,323.21,nan,nan,-7.06,2.51,-6.86,-2.87,-9.10,1.89
77.25,77816.00,2171.92,6.94,-16.46,1.62,323.30,nan,nan,-6.98,3.02,-6.71,-1.05,6.44,-6.09
77.25,77810.00,2172.54,6.98,-16.53,1.58,323.38,nan,nan,-6.90,3.49,-7.06,10.99,8.47,-3.64
77.25,77814.00,2172.12,7.01,-16.61,1.59,323.45,nan,nan,-7.30,2.67,-6.75,7.07,12.53,0.35
77.25,77819.00,2171.61,7.04,-16.69,1.55,323.49,nan,nan,-8.00,3.06,-6.51,-0.42,14.84,-3.78
77.25,77816.00,2171.92,7.07,-16.76,1.48,323.48,nan,nan,-7.81,3.84,-6.32,2.03,6.79,-6.51
77.25,77823.00,2171.20,7.10,-16.84,1.54,323.52,nan,nan,-7.41,2.86,-6.79,6.02,1.61,5.95
77.27,77820.00,2171.51,7.13,-16.92,1.52,323.49,nan,nan,-7.88,2.71,-6.32,0.70,5.95,-1.89
77.22,77826.00,2170.89,7.17,-17.00,1.48,323.51,nan,nan,-8.04,3.61,-6.28,-0.77,4.97,-4.48
77.25,77813.00,2172.23,7.20,-17.07,1.51,323.54,nan,nan,-7.37,3.49,-7.02,4.06,-1.61,2.94
77.21,77826.00,2170.89,7.23,-17.14,1.59,323.54,nan,nan,-7.41,2.55,-6.90,-4.13,-10.99,8.19
77.26,77815.00,2172.02,7.26,-17.22,1.59,323.51,nan,nan,-7.49,2.94,-6.39,-10.22,-3.43,-0.49
77.20,77811.00,2172.43,7.29,-17.29,1.59,323.46,nan,nan,-6.90,3.65,-6.28,1.61,-3.71,0.28
77.25,77817.00,2171.81,7.32,-17.36,1.60,323.44,nan,nan,-7.06,3.14,-6.71,8.68,-2.73,0.77
77.21,77822.00,2171.30,7.35,-17.43,1.57,323.46,nan,nan,-7.30,2.51,-6.94,5.46,7.42,-2.66
77.22,77823.00,2171.20,7.38,-17.51,1.61,323.48,nan,nan,-7.34,3.18,-6.24,-4.83,-3.99,3.92
77.25,77823.00,2171.20,7.41,-17.58,1.60,323.48,nan,nan,-7.34,3.33,-6.51,6.51,3.71,-0.91
77.22,77812.00,2172.33,7.45,-17.65,1.58,323.51,nan,nan,-7.53,3.22,-7.30,6.79,8.89,-1.82
77.25,77823.00,2171.20,7.48,-17.72,1.61,323.51,nan,nan,-6.94,3.18,-6.75,-5.32,-8.68,3.08
77.25,77813.00,2172.23,7.51,-17.80,1.62,323.48,nan,nan,-7.18,2.98,-6.71,3.50,1.40,0.91
77.25,77820.00,2171.51,7.53,-17.87,1.58,323.48,nan,nan,-7.49,2.47,-6.79,6.30,8.89,-3.85
77.22,77810.00,2172.54,7.56,-17.95,1.57,323.53,nan,nan,-7.77,3.06,-6.55,-2.45,1.54,-1.68
77.25,77818.00,2171.71,7.59,-18.02,1.61,323.49,nan,nan,-7.41,3.14,-6.67,1.89,-2.73,4.27
77.21,77812.00,2172.33,7.62,-18.10,1.63,323.50,nan,nan,-7.34,3.02,-6.59,-0.91,-4.97,2.59
77.21,77822.00,2171.30,7.66,-18.17,1.65,323.48,nan,nan,-7.37,3.02,-6.63,-1.54,-2.73,1.05
77.22,77814.00,2172.12,7.68,-18.24,1.67,323.49,nan,nan,-7.06,2.71,-7.02,-1.89,-3.85,2.17
77.20,77813.00,2172.23,7.71,-18.31,1.67,323.49,nan,nan,-6.86,3.06,-6.63,-1.54,-1.47,0.49
77.19,77816.00,2171.92,7.75,-18.38,1.65,323.50,nan,nan,-7.45,3.49,-6.24,0.49,-0.14,-2.24
77.21,77815.00,2172.02,7.78,-18.45,1.61,323.51,nan,nan,-7.02,3.18,-6.67,-0.35,3.78,-3.78
77.22,77809.00,2172.64,7.81,-18.53,1.61,323.58,nan,nan,-7.45,2.59,-6.71,10.43,8.68,0.00
77.21,77815.00,2172.02,7.83,-18.61,1.67,323.60,nan,nan,-8.39,2.59,-6.55,7.14,-2.03,5.46
77.20,77816.00,2171.92,7.86,-18.69,1.74,323.64,nan,nan,-7.65,3.10,-6.43,-0.28,-9.31,6.93
77.22,77816.00,2171.92,7.90,-18.76,1.80,323.66,nan,nan,-7.34,3.37,-6.35,5.88,-7.28,6.30
77.22,77816.00,2171.92,7.93,-18.84,1.87,323.67,nan,nan,-7.41,3.14,-6.59,6.37,-7.98,6.79
77.21,77831.00,2170.37,7.96,-18.91,1.88,323.68,nan,nan,-7.26,2.94,-6.47,-0.42,-4.55,1.75
77.27,77820.00,2171.51,7.99,-18.98,1.90,323.78,nan,nan,-7.26,2.98,-6.71,3.50,-1.96,1.89
77.22,77819.00,2171.61,8.01,-19.05,1.93,323.88,nan,nan,-7.02,2.75,-6.79,2.17,-3.22,2.73
77.22,77816.00,2171.92,8.04,-19.12,1.93,323.92,nan,nan,-7.34,2.75,-6.67,-1.54,-1.05,-0.14
77.20,77812.00,2172.33,8.07,-19.20,1.91,323.93,nan,nan,-7.30,2.86,-6.59,0.63,-1.61,-1.96
77.21,77814.00,2172.12,8.10,-19.27,1.91,323.95,nan,nan,-7.06,2.79,-6.67,-0.21,-1.61,0.14
77.21,77802.00,2173.36,8.13,-19.34,1.93,323.99,nan,nan,-7.06,2.75,-6.32,-0.21,-1.68,1.96
77.22,77810.00,2172.54,8.15,-19.41,1.92,323.98,nan,nan,-7.45,2.82,-6.47,3.50,5.04,-1.33
77.20,77813.00,2172.23,8.18,-19.49,1.91,323.96,nan,nan,-7.34,2.79,-6.79,6.44,6.79,-0.35
77.20,77814.00,2172.12,8.21,-19.56,1.91,324.00,nan,nan,-7.34,2.94,-6.59,-1.61,-0.77,-0.14
77.21,77818.00,2171.71,8.24,-19.63,1.94,324.00,nan,nan,-7.37,3.37,-6.43,0.35,-0.56,2.59
77.20,77806.00,2172.95,8.28,-19.71,1.92,324.04,nan,nan,-7.57,3.06,-6.32,4.83,2.17,-1.47
77.20,77809.00,2172.64,8.30,-19.79,1.90,324.06,nan,nan,-7.57,2.90,-6.55,-0.84,1.40,-1.96
77.19,77813.00,2172.23,8.33,-19.86,1.90,324.04,nan,nan,-7.53,2.94,-6.43,-0.21,-0.21,-0.49
77.20,77809.00,2172.64,8.36,-19.93,1.93,324.02,nan,nan,-7.30,3.02,-6.59,0.28,-4.13,3.43
77.20,77811.00,2172.43,8.39,-20.01,1.95,324.02,nan,nan,-7.37,2.86,-6.51,-0.42,0.00,1.82
77.20,77812.00,2172.33,8.42,-20.08,1.95,323.98,nan,nan,-7.49,3.22,-6.43,2.45,4.20,-0.42
77.20,77809.00,2172.64,8.46,-20.16,1.96,323.97,nan,nan,-7.49,3.10,-6.51,1.12,-2.52,1.75
77.19,77814.00,2172.12,8.48,-20.23,1.98,323.94,nan,nan,-7.45,2.63,-6.63,-1.40,0.70,1.47
77.20,77816.00,2171.92,8.51,-20.31,1.97,323.95,nan,nan,-7.45,2.98,-6.51,-2.10,1.26,-0.77
77.20,77811.00,2172.43,8.54,-20.38,1.99,323.91,nan,nan,-7.34,3.06,-6.47,1.61,-1.75,1.75
77.22,77814.00,2172.12,8.57,-20.45,2.00,323.91,nan,nan,-7.26,2.98,-6.55,1.19,-2.03,1.61
77.20,77808.00,2172.74,8.60,-20.53,1.99,323.89,nan,nan,-7.45,2.94,-6.55,2.66,2.73,-1.68
77.19,77804.00,2173.16,8.63,-20.60,1.96,323.85,nan,nan,-7.41,2.94,-6.28,-0.77,5.32,-2.45
77.20,77826.00,2170.89,8.66,-20.67,1.99,323.88,nan,nan,-7.41,3.22,-6.63,1.05,-2.10,2.17
77.20,77820.00,2171.51,8.69,-20.75,2.00,323.91,nan,nan,-7.26,2.86,-6.55,-0.70,-2.87,0.98
77.20,77823.00,2171.20,8.72,-20.82,2.01,323.96,nan,nan,-7.37,2.98,-6.55,0.77,-1.68,1.05
77.17,77815.00,2172.02,8.75,-20.89,2.02,323.99,nan,nan,-7.37,2.98,-6.55,1.26,2.31,1.12
77.19,77810.00,2172.54,8.78,-20.97,2.03,323.93,nan,nan,-7.26,2.94,-6.59,2.17,0.91,1.40
77.20,77815.00,2172.02,8.81,-21.04,2.03,323.93,nan,nan,-7.65,3.06,-6.43,3.36,6.16,-0.21
77.20,77817.00,2171.81,8.84,-21.12,2.03,323.91,nan,nan,-7.65,3.14,-6.35,-0.28,0.49,0.00
77.16,77815.00,2172.02,8.87,-21.20,2.03,323.86,nan,nan,-7.61,3.10,-6.43,0.49,0.07,0.07
77.20,77813.00,2172.23,8.90,-21.27,2.04,323.82,nan,nan,-7.45,3.10,-6.43,-1.61,-3.36,1.47
77.19,77826.00,2170.89,8.94,-21.34,2.07,323.85,nan,nan,-7.34,3.10,-6.51,0.35,-2.73,2.59
77.15,77828.00,2170.68,8.97,-21.42,2.08,323.80,nan,nan,-7.26,2.98,-6.55,0.42,-1.68,1.19
77.20,77810.00,2172.54,9.00,-21.49,2.09,323.76,nan,nan,-7.30,2.98,-6.59,-1.26,-4.20,0.98
77.19,77819.00,2171.61,9.03,-21.56,2.12,323.75,nan,nan,-7.14,3.02,-6.55,-0.21,-3.57,2.87
77.15,77818.00,2171.71,9.06,-21.63,2.12,323.78,nan,nan,-7.18,2.94,-6.59,0.00,-1.68,0.00
77.19,77828.00,2170.68,9.08,-21.71,2.13,323.77,nan,nan,-7.22,2.98,-6.51,0.77,0.07,1.40
77.16,77811.00,2172.43,9.12,-21.78,2.16,323.73,nan,nan,-7.30,3.06,-6.63,3.08,1.54,2.10
77.19,77821.00,2171.40,9.14,-21.85,2.16,323.74,nan,nan,-7.49,2.94,-6.55,1.54,1.54,0.35
77.19,77820.00,2171.51,9.18,-21.93,2.16,323.76,nan,nan,-7.41,3.06,-6.55,1.40,2.59,0.21
77.15,77825.00,2170.99,9.21,-22.00,2.17,323.79,nan,nan,-7.49,3.18,-6.55,2.80,0.63,0.77
77.19,77807.00,2172.84,9.24,-22.08,2.17,323.77,nan,nan,-7.45,3.02,-6.43,0.14,0.21,-0.35
77.16,77812.00,2172.33,9.27,-22.15,2.17,323.72,nan,nan,-7.34,2.98,-6.51,0.42,0.00,0.84
77.16,77813.00,2172.23,9.30,-22.22,2.17,323.65,nan,nan,-7.30,3.02,-6.47,0.63,-1.26,0.14
77.16,77817.00,2171.81,9.33,-22.30,2.18,323.73,nan,nan,-7.41,2.86,-6.63,2.24,2.73,0.56
77.19,77815.00,2172.02,9.36,-22.37,2.19,323.70,nan,nan,-7.37,2.98,-6.55,2.59,2.52,0.49
77.19,77822.00,2171.30,9.39,-22.45,2.19,323.73,nan,nan,-7.57,3.06,-6.51,2.52,2.94,0.49
77.16,77821.00,2171.40,9.42,-22.52,2.20,323.72,nan,nan,-7.61,3.10,-6.55,2.73,1.96,0.91
77.15,77805.00,2173.05,9.45,-22.60,2.20,323.73,nan,nan,-7.53,3.18,-6.35,-1.47,17.85,0.00
77.15,77816.00,2171.92,9.48,-22.67,2.21,323.70,nan,nan,-7.41,3.30,-6.63,3.22,-0.98,0.98
77.17,77815.00,2172.02,9.51,-22.75,2.21,323.71,nan,nan,-7.77,2.63,-6.71,1.40,2.17,0.21
77.16,77810.00,2172.54,9.54,-22.83,2.21,323.69,nan,nan,-7.81,3.45,-6.28,-4.90,-3.57,-0.28
77.19,77813.00,2172.23,9.58,-22.90,2.22,323.74,nan,nan,-7.37,3.61,-6.24,2.66,-2.31,1.05
77.16,77812.00,2172.33,9.61,-22.98,2.25,323.72,nan,nan,-7.69,2.98,-6.43,1.26,-6.02,2.80
77.16,77812.00,2172.33,9.63,-23.05,2.28,323.72,nan,nan,-7.30,2.59,-6.79,-3.15,-8.96,3.29
77.19,77819.00,2171.61,9.66,-23.12,2.31,323.77,nan,nan,-6.86,2.59,-6.83,-3.43,-7.49,2.66
77.15,77818.00,2171.71,9.69,-23.18,2.35,323.79,nan,nan,-6.39,2.79,-6.86,-0.77,-4.90,4.20
77.16,77818.00,2171.71,9.72,-23.25,2.34,323.80,nan,nan,-6.90,2.75,-6.83,2.10,3.15,-0.84
77.16,77825.00,2170.99,9.74,-23.33,2.34,323.85,nan,nan,-8.12,2.71,-6.59,8.19,11.55,0.14
77.15,77813.00,2172.23,9.78,-23.42,2.34,323.83,nan,nan,-8.20,3.65,-5.81,-0.63,0.42,0.00
77.12,77814.00,2172.12,9.81,-23.49,2.39,323.84,nan,nan,-7.77,2.86,-5.81,-10.43,-12.53,4.83
77.16,77815.00,2172.02,9.85,-23.56,2.31,323.83,nan,nan,-6.83,4.24,-7.26,5.67,12.04,-8.12
77.15,77804.00,2173.16,9.89,-23.64,2.42,323.86,nan,nan,-7.57,3.77,-7.10,14.56,-9.10,11.48
77.16,77819.00,2171.61,9.91,-23.69,2.56,323.83,nan,nan,-5.30,2.12,-7.57,-27.86,-32.97,13.58
77.15,77817.00,2171.81,9.93,-23.77,2.38,323.80,nan,nan,-7.61,2.24,-6.55,-1.61,26.95,-18.13
77.10,77811.00,2172.43,9.96,-23.85,2.21,323.77,nan,nan,-8.00,2.75,-6.28,3.64,30.03,-16.80
77.12,77818.00,2171.71,10.00,-23.93,2.24,323.75,nan,nan,-8.75,4.12,-5.69,-9.24,-3.29,3.22
77.12,77817.00,2171.81,10.04,-24.02,2.30,323.66,nan,nan,-8.32,4.08,-5.61,1.05,-6.37,5.81
77.15,77814.00,2172.12,10.07,-24.09,2.23,323.62,nan,nan,-7.57,2.75,-6.12,-0.35,-2.59,-6.93
77.16,77820.00,2171.51,10.10,-24.17,2.19,323.62,nan,nan,-8.08,3.22,-6.35,-5.67,-5.25,-3.92
77.15,77810.00,2172.54,10.14,-24.24,2.21,323.61,nan,nan,-6.67,3.53,-6.16,1.82,-4.90,1.33
77.15,77821.00,2171.40,10.16,-24.32,2.19,323.62,nan,nan,-7.96,2.82,-6.71,11.48,13.09,-1.96
77.10,77815.00,2172.02,10.19,-24.40,2.13,323.68,nan,nan,-7.61,2.86,-7.41,-0.98,-0.49,-5.32
77.15,77815.00,2172.02,10.23,-24.48,2.19,323.73,nan,nan,-7.85,3.49,-6.12,-8.12,-16.59,5.81
77.15,77821.00,2171.40,10.26,-24.55,2.17,323.77,nan,nan,-7.14,2.86,-6.75,4.69,5.88,-2.38
77.11,77813.00,2172.23,10.28,-24.61,2.22,323.82,nan,nan,-6.83,2.59,-6.98,-0.14,-0.07,5.67
77.12,77814.00,2172.12,10.31,-24.69,2.27,323.86,nan,nan,-7.49,3.18,-6.75,-1.12,-2.38,4.34
77.11,77813.00,2172.23,10.34,-24.76,2.26,323.83,nan,nan,-7.22,2.79,-6.83,2.31,1.47,-0.63
77.11,77814.00,2172.12,10.37,-24.83,2.30,323.87,nan,nan,-7.06,2.94,-6.86,3.08,1.26,4.34
77.12,77820.00,2171.51,10.40,-24.91,2.34,323.84,nan,nan,-7.61,2.98,-6.75,3.57,-1.54,3.85
77.12,77811.00,2172.43,10.43,-24.98,2.38,323.86,nan,nan,-7.49,2.82,-6.47,-0.14,-2.94,3.78
77.10,77814.00,2172.12,10.46,-25.05,2.38,323.87,nan,nan,-7.10,3.18,-6.63,-3.71,-2.87,0.07
77.12,77806.00,2172.95,10.49,-25.13,2.42,323.83,nan,nan,-7.18,3.14,-6.55,1.96,-10.15,4.13
77.11,77818.00,2171.71,10.52,-25.20,2.45,323.84,nan,nan,-7.22,3.14,-6.83,3.85,-7.49,3.22
77.10,77814.00,2172.12,10.55,-25.27,2.45,323.89,nan,nan,-7.30,2.79,-6.67,-5.60,-11.27,-0.63
77.09,77819.00,2171.61,10.58,-25.35,2.52,323.87,nan,nan,-7.57,2.79,-6.51,-5.81,-14.28,6.72
77.10,77814.00,2172.12,10.60,-25.42,2.48,323.88,nan,nan,-7.30,2.28,-6.24,-2.80,-7.49,-3.36
77.10,77820.00,2171.51,10.63,-25.49,2.38,324.00,nan,nan,-7.30,2.51,-6.43,-4.97,0.07,-9.80
77.11,77813.00,2172.23,10.66,-25.57,2.39,324.14,nan,nan,-7.77,2.86,-5.92,9.38,7.07,0.35
77.10,77812.00,2172.33,10.68,-25.65,2.35,324.23,nan,nan,-8.39,2.63,-6.08,9.31,15.12,-3.57
77.10,77816.00,2171.92,10.71,-25.73,2.33,324.31,nan,nan,-7.45,2.82,-6.63,7.98,1.68,-2.24
77.15,77821.00,2171.40,10.73,-25.81,2.40,324.43,nan,nan,-7.69,2.16,-6.24,10.57,10.50,6.72
77.10,77828.00,2170.68,10.76,-25.89,2.42,324.57,nan,nan,-7.92,2.75,-6.39,10.64,6.09,2.17
77.11,77813.00,2172.23,10.78,-25.96,2.48,324.62,nan,nan,-7.10,2.51,-7.02,6.93,0.77,6.65
77.11,77818.00,2171.71,10.81,-26.03,2.48,324.65,nan,nan,-7.57,2.94,-6.47,3.57,10.08,-0.77
77.07,77818.00,2171.71,10.85,-26.11,2.44,324.68,nan,nan,-7.77,3.10,-6.20,7.28,14.35,-4.06
77.10,77822.00,2171.30,10.87,-26.18,2.43,324.67,nan,nan,-7.53,2.71,-6.51,5.95,12.81,-0.49
77.09,77823.00,2171.20,10.90,-26.27,2.39,324.69,nan,nan,-8.12,2.79,-6.32,4.20,9.24,-4.41
77.09,77815.00,2172.02,10.93,-26.35,2.42,324.71,nan,nan,-8.16,3.10,-6.35,3.22,3.85,3.29
77.07,77814.00,2172.12,10.96,-26.43,2.45,324.73,nan,nan,-7.88,3.06,-6.47,1.68,1.47,2.94
77.10,77812.00,2172.33,10.99,-26.50,2.45,324.73,nan,nan,-7.73,2.75,-6.67,1.19,-2.87,-0.21
77.12,77820.00,2171.51,11.02,-26.58,2.48,324.67,nan,nan,-7.53,2.82,-6.59,-2.87,-6.23,2.80
77.09,77826.00,2170.89,11.04,-26.65,2.49,324.62,nan,nan,-7.45,2.71,-6.63,-0.56,-4.27,1.68
77.10,77820.00,2171.51,11.07,-26.73,2.51,324.60,nan,nan,-7.22,2.63,-6.63,-2.17,-5.67,2.03
77.06,77820.00,2171.51,11.10,-26.80,2.55,324.59,nan,nan,-7.37,2.79,-6.67,0.42,-5.74,4.06
77.10,77818.00,2171.71,11.13,-26.87,2.57,324.55,nan,nan,-7.14,2.67,-6.79,-1.75,-6.09,1.82
77.07,77816.00,2171.92,11.15,-26.94,2.59,324.56,nan,nan,-6.83,2.63,-6.83,-2.38,-6.37,2.31
77.10,77818.00,2171.71,11.18,-27.01,2.62,324.56,nan,nan,-6.67,2.63,-6.75,-2.66,-7.49,2.52
